dim,3,L,4,liz,3
1  ,   (0, 0, 0)  ,  center 
1   ,  (0, 0, 0)
64   ,  (3, 3, 3)
16   ,  (3, 3, 0)
32   ,  (3, 3, 1)
52   ,  (3, 0, 3)
4   ,  (3, 0, 0)
20   ,  (3, 0, 1)
56   ,  (3, 1, 3)
8   ,  (3, 1, 0)
24   ,  (3, 1, 1)
61   ,  (0, 3, 3)
13   ,  (0, 3, 0)
29   ,  (0, 3, 1)
49   ,  (0, 0, 3)
17   ,  (0, 0, 1)
53   ,  (0, 1, 3)
5   ,  (0, 1, 0)
21   ,  (0, 1, 1)
62   ,  (1, 3, 3)
14   ,  (1, 3, 0)
30   ,  (1, 3, 1)
50   ,  (1, 0, 3)
2   ,  (1, 0, 0)
18   ,  (1, 0, 1)
54   ,  (1, 1, 3)
6   ,  (1, 1, 0)
22   ,  (1, 1, 1)
17  ,   (0, 0, 1)  ,  center 
17   ,  (0, 0, 1)
16   ,  (3, 3, 0)
32   ,  (3, 3, 1)
48   ,  (3, 3, 2)
4   ,  (3, 0, 0)
20   ,  (3, 0, 1)
36   ,  (3, 0, 2)
8   ,  (3, 1, 0)
24   ,  (3, 1, 1)
40   ,  (3, 1, 2)
13   ,  (0, 3, 0)
29   ,  (0, 3, 1)
45   ,  (0, 3, 2)
1   ,  (0, 0, 0)
33   ,  (0, 0, 2)
5   ,  (0, 1, 0)
21   ,  (0, 1, 1)
37   ,  (0, 1, 2)
14   ,  (1, 3, 0)
30   ,  (1, 3, 1)
46   ,  (1, 3, 2)
2   ,  (1, 0, 0)
18   ,  (1, 0, 1)
34   ,  (1, 0, 2)
6   ,  (1, 1, 0)
22   ,  (1, 1, 1)
38   ,  (1, 1, 2)
33  ,   (0, 0, 2)  ,  center 
33   ,  (0, 0, 2)
32   ,  (3, 3, 1)
48   ,  (3, 3, 2)
64   ,  (3, 3, 3)
20   ,  (3, 0, 1)
36   ,  (3, 0, 2)
52   ,  (3, 0, 3)
24   ,  (3, 1, 1)
40   ,  (3, 1, 2)
56   ,  (3, 1, 3)
29   ,  (0, 3, 1)
45   ,  (0, 3, 2)
61   ,  (0, 3, 3)
17   ,  (0, 0, 1)
49   ,  (0, 0, 3)
21   ,  (0, 1, 1)
37   ,  (0, 1, 2)
53   ,  (0, 1, 3)
30   ,  (1, 3, 1)
46   ,  (1, 3, 2)
62   ,  (1, 3, 3)
18   ,  (1, 0, 1)
34   ,  (1, 0, 2)
50   ,  (1, 0, 3)
22   ,  (1, 1, 1)
38   ,  (1, 1, 2)
54   ,  (1, 1, 3)
49  ,   (0, 0, 3)  ,  center 
49   ,  (0, 0, 3)
48   ,  (3, 3, 2)
64   ,  (3, 3, 3)
16   ,  (3, 3, 0)
36   ,  (3, 0, 2)
52   ,  (3, 0, 3)
4   ,  (3, 0, 0)
40   ,  (3, 1, 2)
56   ,  (3, 1, 3)
8   ,  (3, 1, 0)
45   ,  (0, 3, 2)
61   ,  (0, 3, 3)
13   ,  (0, 3, 0)
33   ,  (0, 0, 2)
1   ,  (0, 0, 0)
37   ,  (0, 1, 2)
53   ,  (0, 1, 3)
5   ,  (0, 1, 0)
46   ,  (1, 3, 2)
62   ,  (1, 3, 3)
14   ,  (1, 3, 0)
34   ,  (1, 0, 2)
50   ,  (1, 0, 3)
2   ,  (1, 0, 0)
38   ,  (1, 1, 2)
54   ,  (1, 1, 3)
6   ,  (1, 1, 0)
5  ,   (0, 1, 0)  ,  center 
5   ,  (0, 1, 0)
52   ,  (3, 0, 3)
4   ,  (3, 0, 0)
20   ,  (3, 0, 1)
56   ,  (3, 1, 3)
8   ,  (3, 1, 0)
24   ,  (3, 1, 1)
60   ,  (3, 2, 3)
12   ,  (3, 2, 0)
28   ,  (3, 2, 1)
49   ,  (0, 0, 3)
1   ,  (0, 0, 0)
17   ,  (0, 0, 1)
53   ,  (0, 1, 3)
21   ,  (0, 1, 1)
57   ,  (0, 2, 3)
9   ,  (0, 2, 0)
25   ,  (0, 2, 1)
50   ,  (1, 0, 3)
2   ,  (1, 0, 0)
18   ,  (1, 0, 1)
54   ,  (1, 1, 3)
6   ,  (1, 1, 0)
22   ,  (1, 1, 1)
58   ,  (1, 2, 3)
10   ,  (1, 2, 0)
26   ,  (1, 2, 1)
21  ,   (0, 1, 1)  ,  center 
21   ,  (0, 1, 1)
4   ,  (3, 0, 0)
20   ,  (3, 0, 1)
36   ,  (3, 0, 2)
8   ,  (3, 1, 0)
24   ,  (3, 1, 1)
40   ,  (3, 1, 2)
12   ,  (3, 2, 0)
28   ,  (3, 2, 1)
44   ,  (3, 2, 2)
1   ,  (0, 0, 0)
17   ,  (0, 0, 1)
33   ,  (0, 0, 2)
5   ,  (0, 1, 0)
37   ,  (0, 1, 2)
9   ,  (0, 2, 0)
25   ,  (0, 2, 1)
41   ,  (0, 2, 2)
2   ,  (1, 0, 0)
18   ,  (1, 0, 1)
34   ,  (1, 0, 2)
6   ,  (1, 1, 0)
22   ,  (1, 1, 1)
38   ,  (1, 1, 2)
10   ,  (1, 2, 0)
26   ,  (1, 2, 1)
42   ,  (1, 2, 2)
37  ,   (0, 1, 2)  ,  center 
37   ,  (0, 1, 2)
20   ,  (3, 0, 1)
36   ,  (3, 0, 2)
52   ,  (3, 0, 3)
24   ,  (3, 1, 1)
40   ,  (3, 1, 2)
56   ,  (3, 1, 3)
28   ,  (3, 2, 1)
44   ,  (3, 2, 2)
60   ,  (3, 2, 3)
17   ,  (0, 0, 1)
33   ,  (0, 0, 2)
49   ,  (0, 0, 3)
21   ,  (0, 1, 1)
53   ,  (0, 1, 3)
25   ,  (0, 2, 1)
41   ,  (0, 2, 2)
57   ,  (0, 2, 3)
18   ,  (1, 0, 1)
34   ,  (1, 0, 2)
50   ,  (1, 0, 3)
22   ,  (1, 1, 1)
38   ,  (1, 1, 2)
54   ,  (1, 1, 3)
26   ,  (1, 2, 1)
42   ,  (1, 2, 2)
58   ,  (1, 2, 3)
53  ,   (0, 1, 3)  ,  center 
53   ,  (0, 1, 3)
36   ,  (3, 0, 2)
52   ,  (3, 0, 3)
4   ,  (3, 0, 0)
40   ,  (3, 1, 2)
56   ,  (3, 1, 3)
8   ,  (3, 1, 0)
44   ,  (3, 2, 2)
60   ,  (3, 2, 3)
12   ,  (3, 2, 0)
33   ,  (0, 0, 2)
49   ,  (0, 0, 3)
1   ,  (0, 0, 0)
37   ,  (0, 1, 2)
5   ,  (0, 1, 0)
41   ,  (0, 2, 2)
57   ,  (0, 2, 3)
9   ,  (0, 2, 0)
34   ,  (1, 0, 2)
50   ,  (1, 0, 3)
2   ,  (1, 0, 0)
38   ,  (1, 1, 2)
54   ,  (1, 1, 3)
6   ,  (1, 1, 0)
42   ,  (1, 2, 2)
58   ,  (1, 2, 3)
10   ,  (1, 2, 0)
9  ,   (0, 2, 0)  ,  center 
9   ,  (0, 2, 0)
56   ,  (3, 1, 3)
8   ,  (3, 1, 0)
24   ,  (3, 1, 1)
60   ,  (3, 2, 3)
12   ,  (3, 2, 0)
28   ,  (3, 2, 1)
64   ,  (3, 3, 3)
16   ,  (3, 3, 0)
32   ,  (3, 3, 1)
53   ,  (0, 1, 3)
5   ,  (0, 1, 0)
21   ,  (0, 1, 1)
57   ,  (0, 2, 3)
25   ,  (0, 2, 1)
61   ,  (0, 3, 3)
13   ,  (0, 3, 0)
29   ,  (0, 3, 1)
54   ,  (1, 1, 3)
6   ,  (1, 1, 0)
22   ,  (1, 1, 1)
58   ,  (1, 2, 3)
10   ,  (1, 2, 0)
26   ,  (1, 2, 1)
62   ,  (1, 3, 3)
14   ,  (1, 3, 0)
30   ,  (1, 3, 1)
25  ,   (0, 2, 1)  ,  center 
25   ,  (0, 2, 1)
8   ,  (3, 1, 0)
24   ,  (3, 1, 1)
40   ,  (3, 1, 2)
12   ,  (3, 2, 0)
28   ,  (3, 2, 1)
44   ,  (3, 2, 2)
16   ,  (3, 3, 0)
32   ,  (3, 3, 1)
48   ,  (3, 3, 2)
5   ,  (0, 1, 0)
21   ,  (0, 1, 1)
37   ,  (0, 1, 2)
9   ,  (0, 2, 0)
41   ,  (0, 2, 2)
13   ,  (0, 3, 0)
29   ,  (0, 3, 1)
45   ,  (0, 3, 2)
6   ,  (1, 1, 0)
22   ,  (1, 1, 1)
38   ,  (1, 1, 2)
10   ,  (1, 2, 0)
26   ,  (1, 2, 1)
42   ,  (1, 2, 2)
14   ,  (1, 3, 0)
30   ,  (1, 3, 1)
46   ,  (1, 3, 2)
41  ,   (0, 2, 2)  ,  center 
41   ,  (0, 2, 2)
24   ,  (3, 1, 1)
40   ,  (3, 1, 2)
56   ,  (3, 1, 3)
28   ,  (3, 2, 1)
44   ,  (3, 2, 2)
60   ,  (3, 2, 3)
32   ,  (3, 3, 1)
48   ,  (3, 3, 2)
64   ,  (3, 3, 3)
21   ,  (0, 1, 1)
37   ,  (0, 1, 2)
53   ,  (0, 1, 3)
25   ,  (0, 2, 1)
57   ,  (0, 2, 3)
29   ,  (0, 3, 1)
45   ,  (0, 3, 2)
61   ,  (0, 3, 3)
22   ,  (1, 1, 1)
38   ,  (1, 1, 2)
54   ,  (1, 1, 3)
26   ,  (1, 2, 1)
42   ,  (1, 2, 2)
58   ,  (1, 2, 3)
30   ,  (1, 3, 1)
46   ,  (1, 3, 2)
62   ,  (1, 3, 3)
57  ,   (0, 2, 3)  ,  center 
57   ,  (0, 2, 3)
40   ,  (3, 1, 2)
56   ,  (3, 1, 3)
8   ,  (3, 1, 0)
44   ,  (3, 2, 2)
60   ,  (3, 2, 3)
12   ,  (3, 2, 0)
48   ,  (3, 3, 2)
64   ,  (3, 3, 3)
16   ,  (3, 3, 0)
37   ,  (0, 1, 2)
53   ,  (0, 1, 3)
5   ,  (0, 1, 0)
41   ,  (0, 2, 2)
9   ,  (0, 2, 0)
45   ,  (0, 3, 2)
61   ,  (0, 3, 3)
13   ,  (0, 3, 0)
38   ,  (1, 1, 2)
54   ,  (1, 1, 3)
6   ,  (1, 1, 0)
42   ,  (1, 2, 2)
58   ,  (1, 2, 3)
10   ,  (1, 2, 0)
46   ,  (1, 3, 2)
62   ,  (1, 3, 3)
14   ,  (1, 3, 0)
13  ,   (0, 3, 0)  ,  center 
13   ,  (0, 3, 0)
60   ,  (3, 2, 3)
12   ,  (3, 2, 0)
28   ,  (3, 2, 1)
64   ,  (3, 3, 3)
16   ,  (3, 3, 0)
32   ,  (3, 3, 1)
52   ,  (3, 0, 3)
4   ,  (3, 0, 0)
20   ,  (3, 0, 1)
57   ,  (0, 2, 3)
9   ,  (0, 2, 0)
25   ,  (0, 2, 1)
61   ,  (0, 3, 3)
29   ,  (0, 3, 1)
49   ,  (0, 0, 3)
1   ,  (0, 0, 0)
17   ,  (0, 0, 1)
58   ,  (1, 2, 3)
10   ,  (1, 2, 0)
26   ,  (1, 2, 1)
62   ,  (1, 3, 3)
14   ,  (1, 3, 0)
30   ,  (1, 3, 1)
50   ,  (1, 0, 3)
2   ,  (1, 0, 0)
18   ,  (1, 0, 1)
29  ,   (0, 3, 1)  ,  center 
29   ,  (0, 3, 1)
12   ,  (3, 2, 0)
28   ,  (3, 2, 1)
44   ,  (3, 2, 2)
16   ,  (3, 3, 0)
32   ,  (3, 3, 1)
48   ,  (3, 3, 2)
4   ,  (3, 0, 0)
20   ,  (3, 0, 1)
36   ,  (3, 0, 2)
9   ,  (0, 2, 0)
25   ,  (0, 2, 1)
41   ,  (0, 2, 2)
13   ,  (0, 3, 0)
45   ,  (0, 3, 2)
1   ,  (0, 0, 0)
17   ,  (0, 0, 1)
33   ,  (0, 0, 2)
10   ,  (1, 2, 0)
26   ,  (1, 2, 1)
42   ,  (1, 2, 2)
14   ,  (1, 3, 0)
30   ,  (1, 3, 1)
46   ,  (1, 3, 2)
2   ,  (1, 0, 0)
18   ,  (1, 0, 1)
34   ,  (1, 0, 2)
45  ,   (0, 3, 2)  ,  center 
45   ,  (0, 3, 2)
28   ,  (3, 2, 1)
44   ,  (3, 2, 2)
60   ,  (3, 2, 3)
32   ,  (3, 3, 1)
48   ,  (3, 3, 2)
64   ,  (3, 3, 3)
20   ,  (3, 0, 1)
36   ,  (3, 0, 2)
52   ,  (3, 0, 3)
25   ,  (0, 2, 1)
41   ,  (0, 2, 2)
57   ,  (0, 2, 3)
29   ,  (0, 3, 1)
61   ,  (0, 3, 3)
17   ,  (0, 0, 1)
33   ,  (0, 0, 2)
49   ,  (0, 0, 3)
26   ,  (1, 2, 1)
42   ,  (1, 2, 2)
58   ,  (1, 2, 3)
30   ,  (1, 3, 1)
46   ,  (1, 3, 2)
62   ,  (1, 3, 3)
18   ,  (1, 0, 1)
34   ,  (1, 0, 2)
50   ,  (1, 0, 3)
61  ,   (0, 3, 3)  ,  center 
61   ,  (0, 3, 3)
44   ,  (3, 2, 2)
60   ,  (3, 2, 3)
12   ,  (3, 2, 0)
48   ,  (3, 3, 2)
64   ,  (3, 3, 3)
16   ,  (3, 3, 0)
36   ,  (3, 0, 2)
52   ,  (3, 0, 3)
4   ,  (3, 0, 0)
41   ,  (0, 2, 2)
57   ,  (0, 2, 3)
9   ,  (0, 2, 0)
45   ,  (0, 3, 2)
13   ,  (0, 3, 0)
33   ,  (0, 0, 2)
49   ,  (0, 0, 3)
1   ,  (0, 0, 0)
42   ,  (1, 2, 2)
58   ,  (1, 2, 3)
10   ,  (1, 2, 0)
46   ,  (1, 3, 2)
62   ,  (1, 3, 3)
14   ,  (1, 3, 0)
34   ,  (1, 0, 2)
50   ,  (1, 0, 3)
2   ,  (1, 0, 0)
2  ,   (1, 0, 0)  ,  center 
2   ,  (1, 0, 0)
61   ,  (0, 3, 3)
13   ,  (0, 3, 0)
29   ,  (0, 3, 1)
49   ,  (0, 0, 3)
1   ,  (0, 0, 0)
17   ,  (0, 0, 1)
53   ,  (0, 1, 3)
5   ,  (0, 1, 0)
21   ,  (0, 1, 1)
62   ,  (1, 3, 3)
14   ,  (1, 3, 0)
30   ,  (1, 3, 1)
50   ,  (1, 0, 3)
18   ,  (1, 0, 1)
54   ,  (1, 1, 3)
6   ,  (1, 1, 0)
22   ,  (1, 1, 1)
63   ,  (2, 3, 3)
15   ,  (2, 3, 0)
31   ,  (2, 3, 1)
51   ,  (2, 0, 3)
3   ,  (2, 0, 0)
19   ,  (2, 0, 1)
55   ,  (2, 1, 3)
7   ,  (2, 1, 0)
23   ,  (2, 1, 1)
18  ,   (1, 0, 1)  ,  center 
18   ,  (1, 0, 1)
13   ,  (0, 3, 0)
29   ,  (0, 3, 1)
45   ,  (0, 3, 2)
1   ,  (0, 0, 0)
17   ,  (0, 0, 1)
33   ,  (0, 0, 2)
5   ,  (0, 1, 0)
21   ,  (0, 1, 1)
37   ,  (0, 1, 2)
14   ,  (1, 3, 0)
30   ,  (1, 3, 1)
46   ,  (1, 3, 2)
2   ,  (1, 0, 0)
34   ,  (1, 0, 2)
6   ,  (1, 1, 0)
22   ,  (1, 1, 1)
38   ,  (1, 1, 2)
15   ,  (2, 3, 0)
31   ,  (2, 3, 1)
47   ,  (2, 3, 2)
3   ,  (2, 0, 0)
19   ,  (2, 0, 1)
35   ,  (2, 0, 2)
7   ,  (2, 1, 0)
23   ,  (2, 1, 1)
39   ,  (2, 1, 2)
34  ,   (1, 0, 2)  ,  center 
34   ,  (1, 0, 2)
29   ,  (0, 3, 1)
45   ,  (0, 3, 2)
61   ,  (0, 3, 3)
17   ,  (0, 0, 1)
33   ,  (0, 0, 2)
49   ,  (0, 0, 3)
21   ,  (0, 1, 1)
37   ,  (0, 1, 2)
53   ,  (0, 1, 3)
30   ,  (1, 3, 1)
46   ,  (1, 3, 2)
62   ,  (1, 3, 3)
18   ,  (1, 0, 1)
50   ,  (1, 0, 3)
22   ,  (1, 1, 1)
38   ,  (1, 1, 2)
54   ,  (1, 1, 3)
31   ,  (2, 3, 1)
47   ,  (2, 3, 2)
63   ,  (2, 3, 3)
19   ,  (2, 0, 1)
35   ,  (2, 0, 2)
51   ,  (2, 0, 3)
23   ,  (2, 1, 1)
39   ,  (2, 1, 2)
55   ,  (2, 1, 3)
50  ,   (1, 0, 3)  ,  center 
50   ,  (1, 0, 3)
45   ,  (0, 3, 2)
61   ,  (0, 3, 3)
13   ,  (0, 3, 0)
33   ,  (0, 0, 2)
49   ,  (0, 0, 3)
1   ,  (0, 0, 0)
37   ,  (0, 1, 2)
53   ,  (0, 1, 3)
5   ,  (0, 1, 0)
46   ,  (1, 3, 2)
62   ,  (1, 3, 3)
14   ,  (1, 3, 0)
34   ,  (1, 0, 2)
2   ,  (1, 0, 0)
38   ,  (1, 1, 2)
54   ,  (1, 1, 3)
6   ,  (1, 1, 0)
47   ,  (2, 3, 2)
63   ,  (2, 3, 3)
15   ,  (2, 3, 0)
35   ,  (2, 0, 2)
51   ,  (2, 0, 3)
3   ,  (2, 0, 0)
39   ,  (2, 1, 2)
55   ,  (2, 1, 3)
7   ,  (2, 1, 0)
6  ,   (1, 1, 0)  ,  center 
6   ,  (1, 1, 0)
49   ,  (0, 0, 3)
1   ,  (0, 0, 0)
17   ,  (0, 0, 1)
53   ,  (0, 1, 3)
5   ,  (0, 1, 0)
21   ,  (0, 1, 1)
57   ,  (0, 2, 3)
9   ,  (0, 2, 0)
25   ,  (0, 2, 1)
50   ,  (1, 0, 3)
2   ,  (1, 0, 0)
18   ,  (1, 0, 1)
54   ,  (1, 1, 3)
22   ,  (1, 1, 1)
58   ,  (1, 2, 3)
10   ,  (1, 2, 0)
26   ,  (1, 2, 1)
51   ,  (2, 0, 3)
3   ,  (2, 0, 0)
19   ,  (2, 0, 1)
55   ,  (2, 1, 3)
7   ,  (2, 1, 0)
23   ,  (2, 1, 1)
59   ,  (2, 2, 3)
11   ,  (2, 2, 0)
27   ,  (2, 2, 1)
22  ,   (1, 1, 1)  ,  center 
22   ,  (1, 1, 1)
1   ,  (0, 0, 0)
17   ,  (0, 0, 1)
33   ,  (0, 0, 2)
5   ,  (0, 1, 0)
21   ,  (0, 1, 1)
37   ,  (0, 1, 2)
9   ,  (0, 2, 0)
25   ,  (0, 2, 1)
41   ,  (0, 2, 2)
2   ,  (1, 0, 0)
18   ,  (1, 0, 1)
34   ,  (1, 0, 2)
6   ,  (1, 1, 0)
38   ,  (1, 1, 2)
10   ,  (1, 2, 0)
26   ,  (1, 2, 1)
42   ,  (1, 2, 2)
3   ,  (2, 0, 0)
19   ,  (2, 0, 1)
35   ,  (2, 0, 2)
7   ,  (2, 1, 0)
23   ,  (2, 1, 1)
39   ,  (2, 1, 2)
11   ,  (2, 2, 0)
27   ,  (2, 2, 1)
43   ,  (2, 2, 2)
38  ,   (1, 1, 2)  ,  center 
38   ,  (1, 1, 2)
17   ,  (0, 0, 1)
33   ,  (0, 0, 2)
49   ,  (0, 0, 3)
21   ,  (0, 1, 1)
37   ,  (0, 1, 2)
53   ,  (0, 1, 3)
25   ,  (0, 2, 1)
41   ,  (0, 2, 2)
57   ,  (0, 2, 3)
18   ,  (1, 0, 1)
34   ,  (1, 0, 2)
50   ,  (1, 0, 3)
22   ,  (1, 1, 1)
54   ,  (1, 1, 3)
26   ,  (1, 2, 1)
42   ,  (1, 2, 2)
58   ,  (1, 2, 3)
19   ,  (2, 0, 1)
35   ,  (2, 0, 2)
51   ,  (2, 0, 3)
23   ,  (2, 1, 1)
39   ,  (2, 1, 2)
55   ,  (2, 1, 3)
27   ,  (2, 2, 1)
43   ,  (2, 2, 2)
59   ,  (2, 2, 3)
54  ,   (1, 1, 3)  ,  center 
54   ,  (1, 1, 3)
33   ,  (0, 0, 2)
49   ,  (0, 0, 3)
1   ,  (0, 0, 0)
37   ,  (0, 1, 2)
53   ,  (0, 1, 3)
5   ,  (0, 1, 0)
41   ,  (0, 2, 2)
57   ,  (0, 2, 3)
9   ,  (0, 2, 0)
34   ,  (1, 0, 2)
50   ,  (1, 0, 3)
2   ,  (1, 0, 0)
38   ,  (1, 1, 2)
6   ,  (1, 1, 0)
42   ,  (1, 2, 2)
58   ,  (1, 2, 3)
10   ,  (1, 2, 0)
35   ,  (2, 0, 2)
51   ,  (2, 0, 3)
3   ,  (2, 0, 0)
39   ,  (2, 1, 2)
55   ,  (2, 1, 3)
7   ,  (2, 1, 0)
43   ,  (2, 2, 2)
59   ,  (2, 2, 3)
11   ,  (2, 2, 0)
10  ,   (1, 2, 0)  ,  center 
10   ,  (1, 2, 0)
53   ,  (0, 1, 3)
5   ,  (0, 1, 0)
21   ,  (0, 1, 1)
57   ,  (0, 2, 3)
9   ,  (0, 2, 0)
25   ,  (0, 2, 1)
61   ,  (0, 3, 3)
13   ,  (0, 3, 0)
29   ,  (0, 3, 1)
54   ,  (1, 1, 3)
6   ,  (1, 1, 0)
22   ,  (1, 1, 1)
58   ,  (1, 2, 3)
26   ,  (1, 2, 1)
62   ,  (1, 3, 3)
14   ,  (1, 3, 0)
30   ,  (1, 3, 1)
55   ,  (2, 1, 3)
7   ,  (2, 1, 0)
23   ,  (2, 1, 1)
59   ,  (2, 2, 3)
11   ,  (2, 2, 0)
27   ,  (2, 2, 1)
63   ,  (2, 3, 3)
15   ,  (2, 3, 0)
31   ,  (2, 3, 1)
26  ,   (1, 2, 1)  ,  center 
26   ,  (1, 2, 1)
5   ,  (0, 1, 0)
21   ,  (0, 1, 1)
37   ,  (0, 1, 2)
9   ,  (0, 2, 0)
25   ,  (0, 2, 1)
41   ,  (0, 2, 2)
13   ,  (0, 3, 0)
29   ,  (0, 3, 1)
45   ,  (0, 3, 2)
6   ,  (1, 1, 0)
22   ,  (1, 1, 1)
38   ,  (1, 1, 2)
10   ,  (1, 2, 0)
42   ,  (1, 2, 2)
14   ,  (1, 3, 0)
30   ,  (1, 3, 1)
46   ,  (1, 3, 2)
7   ,  (2, 1, 0)
23   ,  (2, 1, 1)
39   ,  (2, 1, 2)
11   ,  (2, 2, 0)
27   ,  (2, 2, 1)
43   ,  (2, 2, 2)
15   ,  (2, 3, 0)
31   ,  (2, 3, 1)
47   ,  (2, 3, 2)
42  ,   (1, 2, 2)  ,  center 
42   ,  (1, 2, 2)
21   ,  (0, 1, 1)
37   ,  (0, 1, 2)
53   ,  (0, 1, 3)
25   ,  (0, 2, 1)
41   ,  (0, 2, 2)
57   ,  (0, 2, 3)
29   ,  (0, 3, 1)
45   ,  (0, 3, 2)
61   ,  (0, 3, 3)
22   ,  (1, 1, 1)
38   ,  (1, 1, 2)
54   ,  (1, 1, 3)
26   ,  (1, 2, 1)
58   ,  (1, 2, 3)
30   ,  (1, 3, 1)
46   ,  (1, 3, 2)
62   ,  (1, 3, 3)
23   ,  (2, 1, 1)
39   ,  (2, 1, 2)
55   ,  (2, 1, 3)
27   ,  (2, 2, 1)
43   ,  (2, 2, 2)
59   ,  (2, 2, 3)
31   ,  (2, 3, 1)
47   ,  (2, 3, 2)
63   ,  (2, 3, 3)
58  ,   (1, 2, 3)  ,  center 
58   ,  (1, 2, 3)
37   ,  (0, 1, 2)
53   ,  (0, 1, 3)
5   ,  (0, 1, 0)
41   ,  (0, 2, 2)
57   ,  (0, 2, 3)
9   ,  (0, 2, 0)
45   ,  (0, 3, 2)
61   ,  (0, 3, 3)
13   ,  (0, 3, 0)
38   ,  (1, 1, 2)
54   ,  (1, 1, 3)
6   ,  (1, 1, 0)
42   ,  (1, 2, 2)
10   ,  (1, 2, 0)
46   ,  (1, 3, 2)
62   ,  (1, 3, 3)
14   ,  (1, 3, 0)
39   ,  (2, 1, 2)
55   ,  (2, 1, 3)
7   ,  (2, 1, 0)
43   ,  (2, 2, 2)
59   ,  (2, 2, 3)
11   ,  (2, 2, 0)
47   ,  (2, 3, 2)
63   ,  (2, 3, 3)
15   ,  (2, 3, 0)
14  ,   (1, 3, 0)  ,  center 
14   ,  (1, 3, 0)
57   ,  (0, 2, 3)
9   ,  (0, 2, 0)
25   ,  (0, 2, 1)
61   ,  (0, 3, 3)
13   ,  (0, 3, 0)
29   ,  (0, 3, 1)
49   ,  (0, 0, 3)
1   ,  (0, 0, 0)
17   ,  (0, 0, 1)
58   ,  (1, 2, 3)
10   ,  (1, 2, 0)
26   ,  (1, 2, 1)
62   ,  (1, 3, 3)
30   ,  (1, 3, 1)
50   ,  (1, 0, 3)
2   ,  (1, 0, 0)
18   ,  (1, 0, 1)
59   ,  (2, 2, 3)
11   ,  (2, 2, 0)
27   ,  (2, 2, 1)
63   ,  (2, 3, 3)
15   ,  (2, 3, 0)
31   ,  (2, 3, 1)
51   ,  (2, 0, 3)
3   ,  (2, 0, 0)
19   ,  (2, 0, 1)
30  ,   (1, 3, 1)  ,  center 
30   ,  (1, 3, 1)
9   ,  (0, 2, 0)
25   ,  (0, 2, 1)
41   ,  (0, 2, 2)
13   ,  (0, 3, 0)
29   ,  (0, 3, 1)
45   ,  (0, 3, 2)
1   ,  (0, 0, 0)
17   ,  (0, 0, 1)
33   ,  (0, 0, 2)
10   ,  (1, 2, 0)
26   ,  (1, 2, 1)
42   ,  (1, 2, 2)
14   ,  (1, 3, 0)
46   ,  (1, 3, 2)
2   ,  (1, 0, 0)
18   ,  (1, 0, 1)
34   ,  (1, 0, 2)
11   ,  (2, 2, 0)
27   ,  (2, 2, 1)
43   ,  (2, 2, 2)
15   ,  (2, 3, 0)
31   ,  (2, 3, 1)
47   ,  (2, 3, 2)
3   ,  (2, 0, 0)
19   ,  (2, 0, 1)
35   ,  (2, 0, 2)
46  ,   (1, 3, 2)  ,  center 
46   ,  (1, 3, 2)
25   ,  (0, 2, 1)
41   ,  (0, 2, 2)
57   ,  (0, 2, 3)
29   ,  (0, 3, 1)
45   ,  (0, 3, 2)
61   ,  (0, 3, 3)
17   ,  (0, 0, 1)
33   ,  (0, 0, 2)
49   ,  (0, 0, 3)
26   ,  (1, 2, 1)
42   ,  (1, 2, 2)
58   ,  (1, 2, 3)
30   ,  (1, 3, 1)
62   ,  (1, 3, 3)
18   ,  (1, 0, 1)
34   ,  (1, 0, 2)
50   ,  (1, 0, 3)
27   ,  (2, 2, 1)
43   ,  (2, 2, 2)
59   ,  (2, 2, 3)
31   ,  (2, 3, 1)
47   ,  (2, 3, 2)
63   ,  (2, 3, 3)
19   ,  (2, 0, 1)
35   ,  (2, 0, 2)
51   ,  (2, 0, 3)
62  ,   (1, 3, 3)  ,  center 
62   ,  (1, 3, 3)
41   ,  (0, 2, 2)
57   ,  (0, 2, 3)
9   ,  (0, 2, 0)
45   ,  (0, 3, 2)
61   ,  (0, 3, 3)
13   ,  (0, 3, 0)
33   ,  (0, 0, 2)
49   ,  (0, 0, 3)
1   ,  (0, 0, 0)
42   ,  (1, 2, 2)
58   ,  (1, 2, 3)
10   ,  (1, 2, 0)
46   ,  (1, 3, 2)
14   ,  (1, 3, 0)
34   ,  (1, 0, 2)
50   ,  (1, 0, 3)
2   ,  (1, 0, 0)
43   ,  (2, 2, 2)
59   ,  (2, 2, 3)
11   ,  (2, 2, 0)
47   ,  (2, 3, 2)
63   ,  (2, 3, 3)
15   ,  (2, 3, 0)
35   ,  (2, 0, 2)
51   ,  (2, 0, 3)
3   ,  (2, 0, 0)
3  ,   (2, 0, 0)  ,  center 
3   ,  (2, 0, 0)
62   ,  (1, 3, 3)
14   ,  (1, 3, 0)
30   ,  (1, 3, 1)
50   ,  (1, 0, 3)
2   ,  (1, 0, 0)
18   ,  (1, 0, 1)
54   ,  (1, 1, 3)
6   ,  (1, 1, 0)
22   ,  (1, 1, 1)
63   ,  (2, 3, 3)
15   ,  (2, 3, 0)
31   ,  (2, 3, 1)
51   ,  (2, 0, 3)
19   ,  (2, 0, 1)
55   ,  (2, 1, 3)
7   ,  (2, 1, 0)
23   ,  (2, 1, 1)
64   ,  (3, 3, 3)
16   ,  (3, 3, 0)
32   ,  (3, 3, 1)
52   ,  (3, 0, 3)
4   ,  (3, 0, 0)
20   ,  (3, 0, 1)
56   ,  (3, 1, 3)
8   ,  (3, 1, 0)
24   ,  (3, 1, 1)
19  ,   (2, 0, 1)  ,  center 
19   ,  (2, 0, 1)
14   ,  (1, 3, 0)
30   ,  (1, 3, 1)
46   ,  (1, 3, 2)
2   ,  (1, 0, 0)
18   ,  (1, 0, 1)
34   ,  (1, 0, 2)
6   ,  (1, 1, 0)
22   ,  (1, 1, 1)
38   ,  (1, 1, 2)
15   ,  (2, 3, 0)
31   ,  (2, 3, 1)
47   ,  (2, 3, 2)
3   ,  (2, 0, 0)
35   ,  (2, 0, 2)
7   ,  (2, 1, 0)
23   ,  (2, 1, 1)
39   ,  (2, 1, 2)
16   ,  (3, 3, 0)
32   ,  (3, 3, 1)
48   ,  (3, 3, 2)
4   ,  (3, 0, 0)
20   ,  (3, 0, 1)
36   ,  (3, 0, 2)
8   ,  (3, 1, 0)
24   ,  (3, 1, 1)
40   ,  (3, 1, 2)
35  ,   (2, 0, 2)  ,  center 
35   ,  (2, 0, 2)
30   ,  (1, 3, 1)
46   ,  (1, 3, 2)
62   ,  (1, 3, 3)
18   ,  (1, 0, 1)
34   ,  (1, 0, 2)
50   ,  (1, 0, 3)
22   ,  (1, 1, 1)
38   ,  (1, 1, 2)
54   ,  (1, 1, 3)
31   ,  (2, 3, 1)
47   ,  (2, 3, 2)
63   ,  (2, 3, 3)
19   ,  (2, 0, 1)
51   ,  (2, 0, 3)
23   ,  (2, 1, 1)
39   ,  (2, 1, 2)
55   ,  (2, 1, 3)
32   ,  (3, 3, 1)
48   ,  (3, 3, 2)
64   ,  (3, 3, 3)
20   ,  (3, 0, 1)
36   ,  (3, 0, 2)
52   ,  (3, 0, 3)
24   ,  (3, 1, 1)
40   ,  (3, 1, 2)
56   ,  (3, 1, 3)
51  ,   (2, 0, 3)  ,  center 
51   ,  (2, 0, 3)
46   ,  (1, 3, 2)
62   ,  (1, 3, 3)
14   ,  (1, 3, 0)
34   ,  (1, 0, 2)
50   ,  (1, 0, 3)
2   ,  (1, 0, 0)
38   ,  (1, 1, 2)
54   ,  (1, 1, 3)
6   ,  (1, 1, 0)
47   ,  (2, 3, 2)
63   ,  (2, 3, 3)
15   ,  (2, 3, 0)
35   ,  (2, 0, 2)
3   ,  (2, 0, 0)
39   ,  (2, 1, 2)
55   ,  (2, 1, 3)
7   ,  (2, 1, 0)
48   ,  (3, 3, 2)
64   ,  (3, 3, 3)
16   ,  (3, 3, 0)
36   ,  (3, 0, 2)
52   ,  (3, 0, 3)
4   ,  (3, 0, 0)
40   ,  (3, 1, 2)
56   ,  (3, 1, 3)
8   ,  (3, 1, 0)
7  ,   (2, 1, 0)  ,  center 
7   ,  (2, 1, 0)
50   ,  (1, 0, 3)
2   ,  (1, 0, 0)
18   ,  (1, 0, 1)
54   ,  (1, 1, 3)
6   ,  (1, 1, 0)
22   ,  (1, 1, 1)
58   ,  (1, 2, 3)
10   ,  (1, 2, 0)
26   ,  (1, 2, 1)
51   ,  (2, 0, 3)
3   ,  (2, 0, 0)
19   ,  (2, 0, 1)
55   ,  (2, 1, 3)
23   ,  (2, 1, 1)
59   ,  (2, 2, 3)
11   ,  (2, 2, 0)
27   ,  (2, 2, 1)
52   ,  (3, 0, 3)
4   ,  (3, 0, 0)
20   ,  (3, 0, 1)
56   ,  (3, 1, 3)
8   ,  (3, 1, 0)
24   ,  (3, 1, 1)
60   ,  (3, 2, 3)
12   ,  (3, 2, 0)
28   ,  (3, 2, 1)
23  ,   (2, 1, 1)  ,  center 
23   ,  (2, 1, 1)
2   ,  (1, 0, 0)
18   ,  (1, 0, 1)
34   ,  (1, 0, 2)
6   ,  (1, 1, 0)
22   ,  (1, 1, 1)
38   ,  (1, 1, 2)
10   ,  (1, 2, 0)
26   ,  (1, 2, 1)
42   ,  (1, 2, 2)
3   ,  (2, 0, 0)
19   ,  (2, 0, 1)
35   ,  (2, 0, 2)
7   ,  (2, 1, 0)
39   ,  (2, 1, 2)
11   ,  (2, 2, 0)
27   ,  (2, 2, 1)
43   ,  (2, 2, 2)
4   ,  (3, 0, 0)
20   ,  (3, 0, 1)
36   ,  (3, 0, 2)
8   ,  (3, 1, 0)
24   ,  (3, 1, 1)
40   ,  (3, 1, 2)
12   ,  (3, 2, 0)
28   ,  (3, 2, 1)
44   ,  (3, 2, 2)
39  ,   (2, 1, 2)  ,  center 
39   ,  (2, 1, 2)
18   ,  (1, 0, 1)
34   ,  (1, 0, 2)
50   ,  (1, 0, 3)
22   ,  (1, 1, 1)
38   ,  (1, 1, 2)
54   ,  (1, 1, 3)
26   ,  (1, 2, 1)
42   ,  (1, 2, 2)
58   ,  (1, 2, 3)
19   ,  (2, 0, 1)
35   ,  (2, 0, 2)
51   ,  (2, 0, 3)
23   ,  (2, 1, 1)
55   ,  (2, 1, 3)
27   ,  (2, 2, 1)
43   ,  (2, 2, 2)
59   ,  (2, 2, 3)
20   ,  (3, 0, 1)
36   ,  (3, 0, 2)
52   ,  (3, 0, 3)
24   ,  (3, 1, 1)
40   ,  (3, 1, 2)
56   ,  (3, 1, 3)
28   ,  (3, 2, 1)
44   ,  (3, 2, 2)
60   ,  (3, 2, 3)
55  ,   (2, 1, 3)  ,  center 
55   ,  (2, 1, 3)
34   ,  (1, 0, 2)
50   ,  (1, 0, 3)
2   ,  (1, 0, 0)
38   ,  (1, 1, 2)
54   ,  (1, 1, 3)
6   ,  (1, 1, 0)
42   ,  (1, 2, 2)
58   ,  (1, 2, 3)
10   ,  (1, 2, 0)
35   ,  (2, 0, 2)
51   ,  (2, 0, 3)
3   ,  (2, 0, 0)
39   ,  (2, 1, 2)
7   ,  (2, 1, 0)
43   ,  (2, 2, 2)
59   ,  (2, 2, 3)
11   ,  (2, 2, 0)
36   ,  (3, 0, 2)
52   ,  (3, 0, 3)
4   ,  (3, 0, 0)
40   ,  (3, 1, 2)
56   ,  (3, 1, 3)
8   ,  (3, 1, 0)
44   ,  (3, 2, 2)
60   ,  (3, 2, 3)
12   ,  (3, 2, 0)
11  ,   (2, 2, 0)  ,  center 
11   ,  (2, 2, 0)
54   ,  (1, 1, 3)
6   ,  (1, 1, 0)
22   ,  (1, 1, 1)
58   ,  (1, 2, 3)
10   ,  (1, 2, 0)
26   ,  (1, 2, 1)
62   ,  (1, 3, 3)
14   ,  (1, 3, 0)
30   ,  (1, 3, 1)
55   ,  (2, 1, 3)
7   ,  (2, 1, 0)
23   ,  (2, 1, 1)
59   ,  (2, 2, 3)
27   ,  (2, 2, 1)
63   ,  (2, 3, 3)
15   ,  (2, 3, 0)
31   ,  (2, 3, 1)
56   ,  (3, 1, 3)
8   ,  (3, 1, 0)
24   ,  (3, 1, 1)
60   ,  (3, 2, 3)
12   ,  (3, 2, 0)
28   ,  (3, 2, 1)
64   ,  (3, 3, 3)
16   ,  (3, 3, 0)
32   ,  (3, 3, 1)
27  ,   (2, 2, 1)  ,  center 
27   ,  (2, 2, 1)
6   ,  (1, 1, 0)
22   ,  (1, 1, 1)
38   ,  (1, 1, 2)
10   ,  (1, 2, 0)
26   ,  (1, 2, 1)
42   ,  (1, 2, 2)
14   ,  (1, 3, 0)
30   ,  (1, 3, 1)
46   ,  (1, 3, 2)
7   ,  (2, 1, 0)
23   ,  (2, 1, 1)
39   ,  (2, 1, 2)
11   ,  (2, 2, 0)
43   ,  (2, 2, 2)
15   ,  (2, 3, 0)
31   ,  (2, 3, 1)
47   ,  (2, 3, 2)
8   ,  (3, 1, 0)
24   ,  (3, 1, 1)
40   ,  (3, 1, 2)
12   ,  (3, 2, 0)
28   ,  (3, 2, 1)
44   ,  (3, 2, 2)
16   ,  (3, 3, 0)
32   ,  (3, 3, 1)
48   ,  (3, 3, 2)
43  ,   (2, 2, 2)  ,  center 
43   ,  (2, 2, 2)
22   ,  (1, 1, 1)
38   ,  (1, 1, 2)
54   ,  (1, 1, 3)
26   ,  (1, 2, 1)
42   ,  (1, 2, 2)
58   ,  (1, 2, 3)
30   ,  (1, 3, 1)
46   ,  (1, 3, 2)
62   ,  (1, 3, 3)
23   ,  (2, 1, 1)
39   ,  (2, 1, 2)
55   ,  (2, 1, 3)
27   ,  (2, 2, 1)
59   ,  (2, 2, 3)
31   ,  (2, 3, 1)
47   ,  (2, 3, 2)
63   ,  (2, 3, 3)
24   ,  (3, 1, 1)
40   ,  (3, 1, 2)
56   ,  (3, 1, 3)
28   ,  (3, 2, 1)
44   ,  (3, 2, 2)
60   ,  (3, 2, 3)
32   ,  (3, 3, 1)
48   ,  (3, 3, 2)
64   ,  (3, 3, 3)
59  ,   (2, 2, 3)  ,  center 
59   ,  (2, 2, 3)
38   ,  (1, 1, 2)
54   ,  (1, 1, 3)
6   ,  (1, 1, 0)
42   ,  (1, 2, 2)
58   ,  (1, 2, 3)
10   ,  (1, 2, 0)
46   ,  (1, 3, 2)
62   ,  (1, 3, 3)
14   ,  (1, 3, 0)
39   ,  (2, 1, 2)
55   ,  (2, 1, 3)
7   ,  (2, 1, 0)
43   ,  (2, 2, 2)
11   ,  (2, 2, 0)
47   ,  (2, 3, 2)
63   ,  (2, 3, 3)
15   ,  (2, 3, 0)
40   ,  (3, 1, 2)
56   ,  (3, 1, 3)
8   ,  (3, 1, 0)
44   ,  (3, 2, 2)
60   ,  (3, 2, 3)
12   ,  (3, 2, 0)
48   ,  (3, 3, 2)
64   ,  (3, 3, 3)
16   ,  (3, 3, 0)
15  ,   (2, 3, 0)  ,  center 
15   ,  (2, 3, 0)
58   ,  (1, 2, 3)
10   ,  (1, 2, 0)
26   ,  (1, 2, 1)
62   ,  (1, 3, 3)
14   ,  (1, 3, 0)
30   ,  (1, 3, 1)
50   ,  (1, 0, 3)
2   ,  (1, 0, 0)
18   ,  (1, 0, 1)
59   ,  (2, 2, 3)
11   ,  (2, 2, 0)
27   ,  (2, 2, 1)
63   ,  (2, 3, 3)
31   ,  (2, 3, 1)
51   ,  (2, 0, 3)
3   ,  (2, 0, 0)
19   ,  (2, 0, 1)
60   ,  (3, 2, 3)
12   ,  (3, 2, 0)
28   ,  (3, 2, 1)
64   ,  (3, 3, 3)
16   ,  (3, 3, 0)
32   ,  (3, 3, 1)
52   ,  (3, 0, 3)
4   ,  (3, 0, 0)
20   ,  (3, 0, 1)
31  ,   (2, 3, 1)  ,  center 
31   ,  (2, 3, 1)
10   ,  (1, 2, 0)
26   ,  (1, 2, 1)
42   ,  (1, 2, 2)
14   ,  (1, 3, 0)
30   ,  (1, 3, 1)
46   ,  (1, 3, 2)
2   ,  (1, 0, 0)
18   ,  (1, 0, 1)
34   ,  (1, 0, 2)
11   ,  (2, 2, 0)
27   ,  (2, 2, 1)
43   ,  (2, 2, 2)
15   ,  (2, 3, 0)
47   ,  (2, 3, 2)
3   ,  (2, 0, 0)
19   ,  (2, 0, 1)
35   ,  (2, 0, 2)
12   ,  (3, 2, 0)
28   ,  (3, 2, 1)
44   ,  (3, 2, 2)
16   ,  (3, 3, 0)
32   ,  (3, 3, 1)
48   ,  (3, 3, 2)
4   ,  (3, 0, 0)
20   ,  (3, 0, 1)
36   ,  (3, 0, 2)
47  ,   (2, 3, 2)  ,  center 
47   ,  (2, 3, 2)
26   ,  (1, 2, 1)
42   ,  (1, 2, 2)
58   ,  (1, 2, 3)
30   ,  (1, 3, 1)
46   ,  (1, 3, 2)
62   ,  (1, 3, 3)
18   ,  (1, 0, 1)
34   ,  (1, 0, 2)
50   ,  (1, 0, 3)
27   ,  (2, 2, 1)
43   ,  (2, 2, 2)
59   ,  (2, 2, 3)
31   ,  (2, 3, 1)
63   ,  (2, 3, 3)
19   ,  (2, 0, 1)
35   ,  (2, 0, 2)
51   ,  (2, 0, 3)
28   ,  (3, 2, 1)
44   ,  (3, 2, 2)
60   ,  (3, 2, 3)
32   ,  (3, 3, 1)
48   ,  (3, 3, 2)
64   ,  (3, 3, 3)
20   ,  (3, 0, 1)
36   ,  (3, 0, 2)
52   ,  (3, 0, 3)
63  ,   (2, 3, 3)  ,  center 
63   ,  (2, 3, 3)
42   ,  (1, 2, 2)
58   ,  (1, 2, 3)
10   ,  (1, 2, 0)
46   ,  (1, 3, 2)
62   ,  (1, 3, 3)
14   ,  (1, 3, 0)
34   ,  (1, 0, 2)
50   ,  (1, 0, 3)
2   ,  (1, 0, 0)
43   ,  (2, 2, 2)
59   ,  (2, 2, 3)
11   ,  (2, 2, 0)
47   ,  (2, 3, 2)
15   ,  (2, 3, 0)
35   ,  (2, 0, 2)
51   ,  (2, 0, 3)
3   ,  (2, 0, 0)
44   ,  (3, 2, 2)
60   ,  (3, 2, 3)
12   ,  (3, 2, 0)
48   ,  (3, 3, 2)
64   ,  (3, 3, 3)
16   ,  (3, 3, 0)
36   ,  (3, 0, 2)
52   ,  (3, 0, 3)
4   ,  (3, 0, 0)
4  ,   (3, 0, 0)  ,  center 
4   ,  (3, 0, 0)
63   ,  (2, 3, 3)
15   ,  (2, 3, 0)
31   ,  (2, 3, 1)
51   ,  (2, 0, 3)
3   ,  (2, 0, 0)
19   ,  (2, 0, 1)
55   ,  (2, 1, 3)
7   ,  (2, 1, 0)
23   ,  (2, 1, 1)
64   ,  (3, 3, 3)
16   ,  (3, 3, 0)
32   ,  (3, 3, 1)
52   ,  (3, 0, 3)
20   ,  (3, 0, 1)
56   ,  (3, 1, 3)
8   ,  (3, 1, 0)
24   ,  (3, 1, 1)
61   ,  (0, 3, 3)
13   ,  (0, 3, 0)
29   ,  (0, 3, 1)
49   ,  (0, 0, 3)
1   ,  (0, 0, 0)
17   ,  (0, 0, 1)
53   ,  (0, 1, 3)
5   ,  (0, 1, 0)
21   ,  (0, 1, 1)
20  ,   (3, 0, 1)  ,  center 
20   ,  (3, 0, 1)
15   ,  (2, 3, 0)
31   ,  (2, 3, 1)
47   ,  (2, 3, 2)
3   ,  (2, 0, 0)
19   ,  (2, 0, 1)
35   ,  (2, 0, 2)
7   ,  (2, 1, 0)
23   ,  (2, 1, 1)
39   ,  (2, 1, 2)
16   ,  (3, 3, 0)
32   ,  (3, 3, 1)
48   ,  (3, 3, 2)
4   ,  (3, 0, 0)
36   ,  (3, 0, 2)
8   ,  (3, 1, 0)
24   ,  (3, 1, 1)
40   ,  (3, 1, 2)
13   ,  (0, 3, 0)
29   ,  (0, 3, 1)
45   ,  (0, 3, 2)
1   ,  (0, 0, 0)
17   ,  (0, 0, 1)
33   ,  (0, 0, 2)
5   ,  (0, 1, 0)
21   ,  (0, 1, 1)
37   ,  (0, 1, 2)
36  ,   (3, 0, 2)  ,  center 
36   ,  (3, 0, 2)
31   ,  (2, 3, 1)
47   ,  (2, 3, 2)
63   ,  (2, 3, 3)
19   ,  (2, 0, 1)
35   ,  (2, 0, 2)
51   ,  (2, 0, 3)
23   ,  (2, 1, 1)
39   ,  (2, 1, 2)
55   ,  (2, 1, 3)
32   ,  (3, 3, 1)
48   ,  (3, 3, 2)
64   ,  (3, 3, 3)
20   ,  (3, 0, 1)
52   ,  (3, 0, 3)
24   ,  (3, 1, 1)
40   ,  (3, 1, 2)
56   ,  (3, 1, 3)
29   ,  (0, 3, 1)
45   ,  (0, 3, 2)
61   ,  (0, 3, 3)
17   ,  (0, 0, 1)
33   ,  (0, 0, 2)
49   ,  (0, 0, 3)
21   ,  (0, 1, 1)
37   ,  (0, 1, 2)
53   ,  (0, 1, 3)
52  ,   (3, 0, 3)  ,  center 
52   ,  (3, 0, 3)
47   ,  (2, 3, 2)
63   ,  (2, 3, 3)
15   ,  (2, 3, 0)
35   ,  (2, 0, 2)
51   ,  (2, 0, 3)
3   ,  (2, 0, 0)
39   ,  (2, 1, 2)
55   ,  (2, 1, 3)
7   ,  (2, 1, 0)
48   ,  (3, 3, 2)
64   ,  (3, 3, 3)
16   ,  (3, 3, 0)
36   ,  (3, 0, 2)
4   ,  (3, 0, 0)
40   ,  (3, 1, 2)
56   ,  (3, 1, 3)
8   ,  (3, 1, 0)
45   ,  (0, 3, 2)
61   ,  (0, 3, 3)
13   ,  (0, 3, 0)
33   ,  (0, 0, 2)
49   ,  (0, 0, 3)
1   ,  (0, 0, 0)
37   ,  (0, 1, 2)
53   ,  (0, 1, 3)
5   ,  (0, 1, 0)
8  ,   (3, 1, 0)  ,  center 
8   ,  (3, 1, 0)
51   ,  (2, 0, 3)
3   ,  (2, 0, 0)
19   ,  (2, 0, 1)
55   ,  (2, 1, 3)
7   ,  (2, 1, 0)
23   ,  (2, 1, 1)
59   ,  (2, 2, 3)
11   ,  (2, 2, 0)
27   ,  (2, 2, 1)
52   ,  (3, 0, 3)
4   ,  (3, 0, 0)
20   ,  (3, 0, 1)
56   ,  (3, 1, 3)
24   ,  (3, 1, 1)
60   ,  (3, 2, 3)
12   ,  (3, 2, 0)
28   ,  (3, 2, 1)
49   ,  (0, 0, 3)
1   ,  (0, 0, 0)
17   ,  (0, 0, 1)
53   ,  (0, 1, 3)
5   ,  (0, 1, 0)
21   ,  (0, 1, 1)
57   ,  (0, 2, 3)
9   ,  (0, 2, 0)
25   ,  (0, 2, 1)
24  ,   (3, 1, 1)  ,  center 
24   ,  (3, 1, 1)
3   ,  (2, 0, 0)
19   ,  (2, 0, 1)
35   ,  (2, 0, 2)
7   ,  (2, 1, 0)
23   ,  (2, 1, 1)
39   ,  (2, 1, 2)
11   ,  (2, 2, 0)
27   ,  (2, 2, 1)
43   ,  (2, 2, 2)
4   ,  (3, 0, 0)
20   ,  (3, 0, 1)
36   ,  (3, 0, 2)
8   ,  (3, 1, 0)
40   ,  (3, 1, 2)
12   ,  (3, 2, 0)
28   ,  (3, 2, 1)
44   ,  (3, 2, 2)
1   ,  (0, 0, 0)
17   ,  (0, 0, 1)
33   ,  (0, 0, 2)
5   ,  (0, 1, 0)
21   ,  (0, 1, 1)
37   ,  (0, 1, 2)
9   ,  (0, 2, 0)
25   ,  (0, 2, 1)
41   ,  (0, 2, 2)
40  ,   (3, 1, 2)  ,  center 
40   ,  (3, 1, 2)
19   ,  (2, 0, 1)
35   ,  (2, 0, 2)
51   ,  (2, 0, 3)
23   ,  (2, 1, 1)
39   ,  (2, 1, 2)
55   ,  (2, 1, 3)
27   ,  (2, 2, 1)
43   ,  (2, 2, 2)
59   ,  (2, 2, 3)
20   ,  (3, 0, 1)
36   ,  (3, 0, 2)
52   ,  (3, 0, 3)
24   ,  (3, 1, 1)
56   ,  (3, 1, 3)
28   ,  (3, 2, 1)
44   ,  (3, 2, 2)
60   ,  (3, 2, 3)
17   ,  (0, 0, 1)
33   ,  (0, 0, 2)
49   ,  (0, 0, 3)
21   ,  (0, 1, 1)
37   ,  (0, 1, 2)
53   ,  (0, 1, 3)
25   ,  (0, 2, 1)
41   ,  (0, 2, 2)
57   ,  (0, 2, 3)
56  ,   (3, 1, 3)  ,  center 
56   ,  (3, 1, 3)
35   ,  (2, 0, 2)
51   ,  (2, 0, 3)
3   ,  (2, 0, 0)
39   ,  (2, 1, 2)
55   ,  (2, 1, 3)
7   ,  (2, 1, 0)
43   ,  (2, 2, 2)
59   ,  (2, 2, 3)
11   ,  (2, 2, 0)
36   ,  (3, 0, 2)
52   ,  (3, 0, 3)
4   ,  (3, 0, 0)
40   ,  (3, 1, 2)
8   ,  (3, 1, 0)
44   ,  (3, 2, 2)
60   ,  (3, 2, 3)
12   ,  (3, 2, 0)
33   ,  (0, 0, 2)
49   ,  (0, 0, 3)
1   ,  (0, 0, 0)
37   ,  (0, 1, 2)
53   ,  (0, 1, 3)
5   ,  (0, 1, 0)
41   ,  (0, 2, 2)
57   ,  (0, 2, 3)
9   ,  (0, 2, 0)
12  ,   (3, 2, 0)  ,  center 
12   ,  (3, 2, 0)
55   ,  (2, 1, 3)
7   ,  (2, 1, 0)
23   ,  (2, 1, 1)
59   ,  (2, 2, 3)
11   ,  (2, 2, 0)
27   ,  (2, 2, 1)
63   ,  (2, 3, 3)
15   ,  (2, 3, 0)
31   ,  (2, 3, 1)
56   ,  (3, 1, 3)
8   ,  (3, 1, 0)
24   ,  (3, 1, 1)
60   ,  (3, 2, 3)
28   ,  (3, 2, 1)
64   ,  (3, 3, 3)
16   ,  (3, 3, 0)
32   ,  (3, 3, 1)
53   ,  (0, 1, 3)
5   ,  (0, 1, 0)
21   ,  (0, 1, 1)
57   ,  (0, 2, 3)
9   ,  (0, 2, 0)
25   ,  (0, 2, 1)
61   ,  (0, 3, 3)
13   ,  (0, 3, 0)
29   ,  (0, 3, 1)
28  ,   (3, 2, 1)  ,  center 
28   ,  (3, 2, 1)
7   ,  (2, 1, 0)
23   ,  (2, 1, 1)
39   ,  (2, 1, 2)
11   ,  (2, 2, 0)
27   ,  (2, 2, 1)
43   ,  (2, 2, 2)
15   ,  (2, 3, 0)
31   ,  (2, 3, 1)
47   ,  (2, 3, 2)
8   ,  (3, 1, 0)
24   ,  (3, 1, 1)
40   ,  (3, 1, 2)
12   ,  (3, 2, 0)
44   ,  (3, 2, 2)
16   ,  (3, 3, 0)
32   ,  (3, 3, 1)
48   ,  (3, 3, 2)
5   ,  (0, 1, 0)
21   ,  (0, 1, 1)
37   ,  (0, 1, 2)
9   ,  (0, 2, 0)
25   ,  (0, 2, 1)
41   ,  (0, 2, 2)
13   ,  (0, 3, 0)
29   ,  (0, 3, 1)
45   ,  (0, 3, 2)
44  ,   (3, 2, 2)  ,  center 
44   ,  (3, 2, 2)
23   ,  (2, 1, 1)
39   ,  (2, 1, 2)
55   ,  (2, 1, 3)
27   ,  (2, 2, 1)
43   ,  (2, 2, 2)
59   ,  (2, 2, 3)
31   ,  (2, 3, 1)
47   ,  (2, 3, 2)
63   ,  (2, 3, 3)
24   ,  (3, 1, 1)
40   ,  (3, 1, 2)
56   ,  (3, 1, 3)
28   ,  (3, 2, 1)
60   ,  (3, 2, 3)
32   ,  (3, 3, 1)
48   ,  (3, 3, 2)
64   ,  (3, 3, 3)
21   ,  (0, 1, 1)
37   ,  (0, 1, 2)
53   ,  (0, 1, 3)
25   ,  (0, 2, 1)
41   ,  (0, 2, 2)
57   ,  (0, 2, 3)
29   ,  (0, 3, 1)
45   ,  (0, 3, 2)
61   ,  (0, 3, 3)
60  ,   (3, 2, 3)  ,  center 
60   ,  (3, 2, 3)
39   ,  (2, 1, 2)
55   ,  (2, 1, 3)
7   ,  (2, 1, 0)
43   ,  (2, 2, 2)
59   ,  (2, 2, 3)
11   ,  (2, 2, 0)
47   ,  (2, 3, 2)
63   ,  (2, 3, 3)
15   ,  (2, 3, 0)
40   ,  (3, 1, 2)
56   ,  (3, 1, 3)
8   ,  (3, 1, 0)
44   ,  (3, 2, 2)
12   ,  (3, 2, 0)
48   ,  (3, 3, 2)
64   ,  (3, 3, 3)
16   ,  (3, 3, 0)
37   ,  (0, 1, 2)
53   ,  (0, 1, 3)
5   ,  (0, 1, 0)
41   ,  (0, 2, 2)
57   ,  (0, 2, 3)
9   ,  (0, 2, 0)
45   ,  (0, 3, 2)
61   ,  (0, 3, 3)
13   ,  (0, 3, 0)
16  ,   (3, 3, 0)  ,  center 
16   ,  (3, 3, 0)
59   ,  (2, 2, 3)
11   ,  (2, 2, 0)
27   ,  (2, 2, 1)
63   ,  (2, 3, 3)
15   ,  (2, 3, 0)
31   ,  (2, 3, 1)
51   ,  (2, 0, 3)
3   ,  (2, 0, 0)
19   ,  (2, 0, 1)
60   ,  (3, 2, 3)
12   ,  (3, 2, 0)
28   ,  (3, 2, 1)
64   ,  (3, 3, 3)
32   ,  (3, 3, 1)
52   ,  (3, 0, 3)
4   ,  (3, 0, 0)
20   ,  (3, 0, 1)
57   ,  (0, 2, 3)
9   ,  (0, 2, 0)
25   ,  (0, 2, 1)
61   ,  (0, 3, 3)
13   ,  (0, 3, 0)
29   ,  (0, 3, 1)
49   ,  (0, 0, 3)
1   ,  (0, 0, 0)
17   ,  (0, 0, 1)
32  ,   (3, 3, 1)  ,  center 
32   ,  (3, 3, 1)
11   ,  (2, 2, 0)
27   ,  (2, 2, 1)
43   ,  (2, 2, 2)
15   ,  (2, 3, 0)
31   ,  (2, 3, 1)
47   ,  (2, 3, 2)
3   ,  (2, 0, 0)
19   ,  (2, 0, 1)
35   ,  (2, 0, 2)
12   ,  (3, 2, 0)
28   ,  (3, 2, 1)
44   ,  (3, 2, 2)
16   ,  (3, 3, 0)
48   ,  (3, 3, 2)
4   ,  (3, 0, 0)
20   ,  (3, 0, 1)
36   ,  (3, 0, 2)
9   ,  (0, 2, 0)
25   ,  (0, 2, 1)
41   ,  (0, 2, 2)
13   ,  (0, 3, 0)
29   ,  (0, 3, 1)
45   ,  (0, 3, 2)
1   ,  (0, 0, 0)
17   ,  (0, 0, 1)
33   ,  (0, 0, 2)
48  ,   (3, 3, 2)  ,  center 
48   ,  (3, 3, 2)
27   ,  (2, 2, 1)
43   ,  (2, 2, 2)
59   ,  (2, 2, 3)
31   ,  (2, 3, 1)
47   ,  (2, 3, 2)
63   ,  (2, 3, 3)
19   ,  (2, 0, 1)
35   ,  (2, 0, 2)
51   ,  (2, 0, 3)
28   ,  (3, 2, 1)
44   ,  (3, 2, 2)
60   ,  (3, 2, 3)
32   ,  (3, 3, 1)
64   ,  (3, 3, 3)
20   ,  (3, 0, 1)
36   ,  (3, 0, 2)
52   ,  (3, 0, 3)
25   ,  (0, 2, 1)
41   ,  (0, 2, 2)
57   ,  (0, 2, 3)
29   ,  (0, 3, 1)
45   ,  (0, 3, 2)
61   ,  (0, 3, 3)
17   ,  (0, 0, 1)
33   ,  (0, 0, 2)
49   ,  (0, 0, 3)
64  ,   (3, 3, 3)  ,  center 
64   ,  (3, 3, 3)
43   ,  (2, 2, 2)
59   ,  (2, 2, 3)
11   ,  (2, 2, 0)
47   ,  (2, 3, 2)
63   ,  (2, 3, 3)
15   ,  (2, 3, 0)
35   ,  (2, 0, 2)
51   ,  (2, 0, 3)
3   ,  (2, 0, 0)
44   ,  (3, 2, 2)
60   ,  (3, 2, 3)
12   ,  (3, 2, 0)
48   ,  (3, 3, 2)
16   ,  (3, 3, 0)
36   ,  (3, 0, 2)
52   ,  (3, 0, 3)
4   ,  (3, 0, 0)
41   ,  (0, 2, 2)
57   ,  (0, 2, 3)
9   ,  (0, 2, 0)
45   ,  (0, 3, 2)
61   ,  (0, 3, 3)
13   ,  (0, 3, 0)
33   ,  (0, 0, 2)
49   ,  (0, 0, 3)
1   ,  (0, 0, 0)
